Las raices son las siguientes:
x1 = (-0.5833333333333334+0.3996526269427266j)
x2 = (-0.5833333333333334-0.3996526269427266j)
